[render]
fps=25
use_color=1

[mode]
type=mandelbrot

[fractal]
max_iter=500
center_x=-0.743643887037151
center_y=0.13182590420533
scale=0.02
